# relative_time, cycles_done, cur_item, corpus_count, pending_total, pending_favs, map_size, saved_crashes, saved_hangs, max_depth, execs_per_sec, total_execs, edges_found
61, 207, 0, 2, 0, 0, 18.18%, 0, 0, 1, 6173.21, 380998, 2
66, 224, 0, 2, 0, 0, 18.18%, 0, 0, 1, 6198.80, 412669, 2
71, 242, 0, 2, 0, 0, 18.18%, 0, 0, 1, 6151.09, 444340, 2
76, 259, 0, 2, 0, 0, 18.18%, 0, 0, 1, 6184.84, 475922, 2
82, 276, 0, 2, 0, 0, 18.18%, 0, 0, 1, 6175.83, 507929, 2
87, 294, 0, 2, 0, 0, 18.18%, 0, 0, 1, 6158.46, 539723, 2
92, 311, 0, 2, 0, 0, 18.18%, 0, 0, 1, 6157.71, 571394, 2
97, 328, 0, 2, 0, 0, 18.18%, 0, 0, 1, 6183.98, 602942, 2
102, 345, 0, 2, 0, 0, 18.18%, 0, 0, 1, 6157.61, 634366, 2
107, 362, 0, 2, 0, 0, 18.18%, 0, 0, 1, 6188.35, 666037, 2
112, 380, 0, 2, 0, 0, 18.18%, 0, 0, 1, 6187.21, 697955, 2
117, 397, 0, 2, 0, 0, 18.18%, 0, 0, 1, 6182.06, 729503, 2
123, 414, 0, 2, 0, 0, 18.18%, 0, 0, 1, 6159.17, 760961, 2
128, 431, 0, 2, 0, 0, 18.18%, 0, 0, 1, 6204.80, 792721, 2
133, 449, 0, 2, 0, 0, 18.18%, 0, 0, 1, 6179.49, 824303, 2
138, 466, 0, 2, 0, 0, 18.18%, 0, 0, 1, 6185.02, 855974, 2
143, 483, 0, 2, 0, 0, 18.18%, 0, 0, 1, 6182.34, 887645, 2
148, 500, 0, 2, 0, 0, 18.18%, 0, 0, 1, 6158.05, 919316, 2
153, 517, 0, 2, 0, 0, 18.18%, 0, 0, 1, 6106.82, 950617, 2
158, 535, 0, 2, 0, 0, 18.18%, 0, 0, 1, 6168.10, 982199, 2
164, 552, 0, 2, 0, 0, 18.18%, 0, 0, 1, 6168.13, 1013747, 2
169, 569, 0, 2, 0, 0, 18.18%, 0, 0, 1, 6172.23, 1045418, 2
174, 586, 0, 2, 0, 0, 18.18%, 0, 0, 1, 6123.13, 1076842, 2
179, 604, 0, 2, 0, 0, 18.18%, 0, 0, 1, 6188.39, 1108637, 2
184, 621, 0, 2, 0, 0, 18.18%, 0, 0, 1, 6179.68, 1140095, 2
189, 638, 0, 2, 0, 0, 18.18%, 0, 0, 1, 6182.07, 1171643, 2
190, 642, 0, 2, 0, 0, 18.18%, 0, 0, 1, 6119.37, 1179244, 2
